11
6
5
5
2
3
7
6
1
8
3
5
7
3
4
4
1
3
6
4
2
7
1
6
6
1
5
5
3
2
7
6
1
4
3
1
7
1
6
8
6
2
8
5
3
7
2
5
11
6
5
7
5
2
9
6
3
7
2
5
10
5
5
7
4
3
2
1
1
3
1
2
9
4
5
9
6
3
10
4
6
5
2
3
6
5
1
4
3
1
7
1
6
7
1
6
8
4
4
7
3
4
5
2
3
8
3
5
9
6
3
12
6
6
8
6
2
8
3
5
8
4
4
10
4
6
12
6
6
3
2
1
10
6
4
3
2
1
7
1
6
7
6
1
11
5
6
9
6
3
8
2
6
8
4
4
7
2
5
10
5
5
3
2
1
3
2
1
7
2
5
6
4
2
9
3
6
7
1
6
7
2
5
11
5
6
12
6
6
8
4
4
5
3
2
8
4
4
10
4
6
5
1
4
10
6
4
11
6
5
7
5
2
8
6
2
10
6
4
6
1
5
7
5
2
10
5
5
4
3
1
12
6
6
6
3
3
3
2
1
6
4
2
9
4
5
9
5
4
6
3
3
2
1
1
8
6
2
4
1
3
6
2
4
8
2
6
9
6
3
8
4
4
9
4
5
5
1
4
5
3
2
6
4
2
7
2
5
12
6
6
7
1
6
11
6
5
7
3
4
3
1
2
10
5
5
6
3
3
4
3
1
4
1
3
12
6
6
6
3
3
9
4
5
9
5
4
6
2
4
9
5
4
6
1
5
4
2
2
10
4
6
5
1
4
7
2
5
10
6
4
3
1
2
7
3
4
9
5
4
8
4
4
6
5
1
7
2
5
10
5
5
8
2
6
10
4
6
11
6
5
9
4
5
4
3
1
7
4
3
8
6
2
8
5
3
11
6
5
10
5
5
10
4
6
9
4
5
4
3
1
7
1
6
10
5
5
9
5
4
6
5
1
6
4
2
6
2
4
9
5
4
2
1
1
7
5
2
2
1
1
8
4
4
12
6
6
12
6
6
7
4
3
7
4
3
5
2
3
6
3
3
8
2
6
5
1
4
10
5
5
7
1
6
11
5
6
6
4
2
5
4
1
8
3
5
11
5
6
4
3
1
